Introducing contestants...
* Player 1, weighing 617 bytes, "helltrain" ("choo-choo, motherf*****s !") !
* Player 2, weighing 502 bytes, "fluttershy" ("oh, my, what a scary project") !
* Player 3, weighing 679 bytes, "Underscore" ("__UNDERSCORE_S__") !
* Player 4, weighing 77 bytes, "stayin' alive" ("Ha, Ha, Ha, stayiiiiin' aliiiiiiiiiive") !
0x0000 : 90 00 00 00 00 02 02 90 00 00 00 04 03 00 00 00 00 00 00 00 00 68 01 00 33 00 01 03 70 01 00 06 01 00 00 00 00 00 00 00 00 02 04 0b 64 04 01 90 02 04 54 02 03 00 00 00 00 00 00 00 00 64 04 01 
0x0040 : 7f 02 04 54 02 00 00 00 00 ff ff fe 08 54 02 05 0f 09 01 6a 02 90 00 00 00 00 00 00 00 c5 09 0b 54 07 02 08 09 00 13 00 00 00 00 10 01 ff ff ff ff 03 70 02 ff e8 03 0b 54 07 02 08 09 00 13 d6 
0x0080 : 03 70 02 ff cd 03 70 02 ff c4 03 70 02 ff bb 00 00 00 00 08 09 00 13 ff a9 03 70 02 ff a0 03 70 02 ff 97 03 70 02 ff 00 00 00 00 08 09 00 13 02 ff 7c 03 70 02 ff 73 03 70 02 ff 6a 00 00 00 04 
0x00c0 : 00 00 00 08 09 00 13 70 02 ff 4f 03 70 02 ff 46 03 70 02 ff 3d 03 70 00 00 00 00 08 00 00 00 00 70 02 ff 22 03 70 02 ff 19 03 70 02 ff 10 03 0b 54 07 02 08 09 00 13 fe 03 70 02 fe f5 03 70 02 
0x0100 : fe ec 03 70 02 fe e3 03 70 02 fe da 03 70 02 fe d1 03 70 02 fe c8 03 70 02 fe bf 03 70 02 fe b6 03 70 02 fe ad 03 70 02 fe a4 03 70 02 fe 9b 03 70 02 fe 92 03 70 02 fe 89 03 70 02 fe 80 03 70 
0x0140 : 02 fe 77 03 70 02 fe 6e 03 70 02 fe 65 03 70 02 fe 5c 03 70 02 fe 53 03 70 02 fe 4a 03 70 02 fe 41 03 70 02 fe 38 03 70 02 fe 2f 03 70 02 fe 26 03 70 02 fe 1d 03 70 02 fe 14 03 70 02 fe 0b 03 
0x0180 : 70 02 fe 02 09 fe e8 01 ff ff ff ff 0c ff fb 02 90 00 00 00 00 10 01 ff ff ff ff 09 ff fb 01 ff ff ff ff 09 00 03 0c ff f8 01 ff ff ff ff 0c 00 5e 01 ff ff ff ff 0c 00 2f 01 ff 09 ff c5 09 00 
0x01c0 : 84 02 90 ff ff ff ff 02 02 90 0f 03 70 03 03 02 90 00 00 00 00 10 01 ff ff ff ff 02 90 00 00 00 00 10 09 00 78 01 ff ff ff ff 0c fe 74 02 90 0f 03 70 03 02 02 90 17 03 70 03 03 02 90 00 00 00 
0x0200 : 00 10 02 90 00 00 00 00 10 09 00 51 01 ff ff ff 00 00 00 01 01 ff ff ff ff 0c ff 6e 02 90 ff ff 01 00 02 02 90 1a 03 70 03 03 02 90 00 00 00 00 10 02 90 00 00 00 00 10 02 90 00 00 00 00 10 09 
0x0240 : 00 1b 02 90 03 70 02 00 02 02 90 13 03 70 03 03 02 90 00 00 00 00 10 09 00 03 03 70 02 00 13 03 70 03 ff ff 01 00 00 00 00 ff ff 01 00 0f 03 70 03 ff ff 01 03 70 02 00 00 00 00 00 00 00 00 00 
0x0280 : 00 00 00 00 00 00 00 00 00 00 00 00 00 00 00 00 00 00 00 00 00 00 00 00 00 00 00 00 00 00 00 00 00 00 00 00 00 00 00 00 00 00 00 00 00 00 00 00 00 00 00 00 00 00 00 00 00 00 00 00 00 00 00 00 
0x02c0 : 00 00 00 00 00 00 00 00 00 00 00 00 00 00 00 00 00 00 00 00 00 00 00 00 00 00 00 00 00 00 00 00 00 00 00 00 00 00 00 00 00 00 00 00 00 00 00 00 00 00 00 00 00 00 00 00 00 00 00 00 00 00 00 00 
0x0300 : 00 00 00 00 00 00 00 00 00 00 00 00 00 00 00 00 00 00 00 00 00 00 00 00 00 00 00 00 00 00 00 00 00 00 00 00 00 00 00 00 00 00 00 00 00 00 00 00 00 00 00 00 00 00 00 00 00 00 00 00 00 00 00 00 
0x0340 : 00 00 00 00 00 00 00 00 00 00 00 00 00 00 00 00 00 00 00 00 00 00 00 00 00 00 00 00 00 00 00 00 00 00 00 00 00 00 00 00 00 00 00 00 00 00 00 00 00 00 00 00 00 09 00 00 09 00 00 09 00 00 09 00 
0x0380 : 00 09 00 00 09 00 00 09 00 00 09 00 00 09 00 00 09 00 00 09 00 00 09 00 00 09 00 00 09 00 00 09 00 00 09 00 00 09 00 00 09 00 00 09 00 00 09 00 00 09 00 00 09 00 00 09 00 00 09 00 00 09 00 00 
0x03c0 : 09 00 00 09 00 00 09 00 00 09 00 00 09 00 00 09 00 00 09 00 00 09 00 00 09 00 00 09 00 00 09 00 00 09 00 00 09 00 00 09 00 00 09 00 00 09 00 00 09 00 00 09 00 00 09 fe 00 09 00 00 09 00 00 09 
0x0400 : 00 00 09 03 70 09 00 00 09 00 00 09 00 00 09 ff f8 09 00 00 09 00 08 09 00 00 09 71 03 09 00 00 09 01 ff 09 00 00 09 00 f1 03 70 01 00 06 01 ff ff ff fe 0c ff fb 0b 68 01 00 34 00 01 03 70 01 
0x0440 : 00 06 01 ff ff ff fe 0b 68 01 00 3e 00 01 02 90 ff ff ff fa 02 02 90 ff ff ff fa 03 02 90 09 00 00 09 04 02 90 ff ff ff 46 05 01 ff ff ff fe 0b 64 04 ff ba 02 04 54 02 03 02 0b 64 04 ff af 02 
0x0480 : 04 54 02 03 02 01 ff ff ff fe 08 54 02 05 0f 09 ff a7 02 90 00 00 00 00 10 09 ff d1 03 70 01 00 06 01 ff ff ff fe 0c ff fb 03 70 01 00 3a 03 70 01 00 3a 03 70 01 00 3a 03 70 01 00 3a 03 70 01 
0x04c0 : 00 3a 03 70 01 00 3a 03 70 01 00 3a 03 70 01 00 3a 03 70 01 00 3a 03 70 01 00 3a 02 90 00 00 00 00 10 01 ff ff ff fe 01 ff ff ff fe 01 ff ff ff fe 01 ff ff ff fe 01 ff ff ff fe 01 ff ff ff fe 
0x0500 : 01 ff ff ff fe 01 ff ff ff fe 01 ff ff ff fe 01 ff ff ff fe 09 ff ce 03 70 01 00 06 01 ff ff ff fe 0c ff fb 0b 68 01 00 34 00 01 03 70 01 00 06 01 ff ff ff fe 0b 68 01 00 3e 00 01 02 90 00 00 
0x0540 : 00 00 02 02 90 00 00 00 06 03 02 90 09 00 00 09 04 02 90 00 00 00 b4 05 01 ff ff ff fe 0b 64 04 00 99 02 04 54 02 03 02 0b 64 04 00 8e 02 04 54 02 03 02 01 ff ff ff fe 08 54 02 05 0f 09 ff a7 
0x0580 : 02 90 00 00 00 00 10 09 ff d1 03 70 01 00 06 01 ff ff ff fe 0c ff fb 02 90 00 00 00 00 02 02 90 00 00 00 04 03 02 90 00 00 00 60 05 0b 68 01 00 33 00 01 03 70 01 00 06 01 ff ff ff fe 0a 94 ff 
0x05c0 : da 02 04 0b 64 04 01 90 02 04 54 02 03 02 0a 94 ff c9 02 04 0b 64 04 01 7f 02 04 54 02 03 02 01 ff ff ff fe 08 54 02 05 0f 09 01 6a 02 90 00 00 00 00 0f 09 ff c5 09 00 00 09 00 00 09 00 00 09 
0x0600 : 00 01 09 00 00 09 01 fb 09 00 00 09 fb 00 09 00 00 09 00 00 09 00 00 09 00 00 09 00 00 09 00 01 09 00 00 09 01 fb 09 00 00 09 fb 00 09 00 00 09 00 00 09 00 00 09 00 00 09 00 00 09 00 01 09 00 
0x0640 : 00 09 01 fb 09 00 00 09 fb 00 09 00 00 09 00 00 09 00 00 09 fb 00 09 00 00 09 00 00 09 00 00 09 00 00 09 00 00 09 00 00 09 00 00 09 00 00 09 00 00 09 00 00 09 00 00 09 00 00 09 00 00 09 00 00 
0x0680 : 09 00 00 09 00 02 09 00 00 09 00 00 09 00 00 09 02 90 09 00 00 09 00 00 09 00 00 09 00 0b 09 00 00 09 09 ff 09 00 00 09 00 00 00 00 00 00 00 00 00 00 00 02 90 00 00 02 02 90 00 00 00 02 90 00 
0x06c0 : 00 00 02 90 00 00 00 02 90 00 00 00 02 90 00 00 00 02 90 00 00 00 02 90 00 00 00 02 90 00 00 00 02 90 00 00 00 02 90 00 00 00 02 90 00 00 00 02 90 00 00 00 02 90 00 00 00 00 03 70 04 ff 00 03 
0x0700 : 70 04 ff 00 03 70 04 ff 00 03 70 04 ff 00 03 70 04 ff 00 03 70 04 ff 00 03 70 04 ff 00 03 70 04 ff 00 03 70 04 ff 00 03 70 04 ff 00 03 70 04 ff 00 03 70 04 ff 00 03 70 04 ff 00 03 70 04 ff 00 
0x0740 : 03 70 04 ff 00 03 70 04 ff 00 03 70 04 ff 00 03 70 04 ff 02 90 00 00 00 00 02 02 90 00 00 00 04 03 02 90 00 00 00 60 05 0b 68 01 00 33 00 01 03 70 01 00 06 01 ff ff ff fe 0a 94 ff da 02 04 0b 
0x0780 : 64 04 01 90 02 04 54 02 03 02 0a 94 ff c9 02 04 0b 64 04 01 7f 02 04 54 02 03 02 01 ff ff ff fe 08 54 02 05 0f 09 01 6a 02 90 00 00 00 00 0f 09 ff c5 09 03 70 04 ff 00 03 70 04 ff 00 03 70 04 
0x07c0 : ff 00 03 70 04 ff 00 03 70 04 ff 00 03 70 04 ff 00 03 70 04 ff 00 03 70 04 ff 00 03 70 04 ff 00 03 70 04 ff 00 03 70 04 ff 00 03 70 04 ff 00 03 70 04 ff 00 03 70 04 ff 00 00 00 00 00 00 00 00 
0x0800 : 02 90 00 00 00 00 01 00 00 00 09 ff ff ff fd ff ff fd 00 00 00 00 0d 04 54 0c 0d 0d 08 64 0d ff ff ff 01 0e 09 00 0d 02 90 00 00 00 00 0e 09 ff df 02 90 00 00 00 00 0d 09 ff d5 01 ff ff ff fd 
0x0840 : 02 90 ff ff ff 80 06 0c 00 1b 02 90 0b 54 07 06 07 02 90 00 00 00 00 05 02 90 00 00 00 00 10 09 00 22 02 90 05 09 ff 7b 07 02 90 00 00 00 04 05 02 90 0b 54 07 06 10 03 70 10 fe 26 03 70 07 fe 
0x0880 : 25 02 90 00 00 00 00 02 09 fe 11 0e a4 00 2a 00 2a 10 01 ff ff ff d6 0b 68 01 ff 76 00 01 02 90 03 70 04 ff 0a 02 90 ff ff ff e2 0b 02 90 ff ff ff fb 0c 03 70 01 00 06 01 ff ff ff fd 0c ff 50 
0x08c0 : 02 90 ff ff ff 5b 0d 02 90 00 00 00 00 02 09 ff ea 0b 68 01 00 38 00 01 0b 68 01 00 5b 00 01 0c ff b3 03 70 01 00 06 01 ff ff ff fd 07 54 01 01 07 02 90 70 10 fe 16 09 02 90 70 07 fe 15 0a 02 
0x0900 : 90 02 09 fe 01 0b 0c 00 2d 01 ff ff ff fe 0c 02 90 00 00 00 00 02 02 90 00 00 00 04 03 02 90 00 00 00 60 05 0b 68 01 00 33 00 01 03 70 01 00 06 01 ff ff ff fe 0a 94 ff da 02 04 0b 64 04 01 90 
0x0940 : 02 04 54 02 03 02 0a 94 ff c9 02 04 0b 64 04 01 7f 02 04 54 02 03 02 01 ff ff ff fe 08 54 02 05 0f 09 01 6a 02 90 00 00 00 00 0f 09 ff c5 09 06 01 ff ff ff fe 0b 58 07 06 01 3d 02 90 00 00 00 
0x0980 : 00 02 09 01 35 0b 68 10 00 bf 00 01 0c 00 a0 02 90 00 00 00 18 10 0b 68 10 00 ae 00 01 03 70 01 00 06 01 ff ff ff d6 02 90 00 00 00 00 02 09 01 ff 02 90 00 00 00 10 0c 04 54 0c 09 09 04 54 0c 
0x09c0 : 0a 0a 04 54 0c 0b 0b 03 70 01 00 06 01 ff ff ff fd 02 90 00 00 00 00 02 0b 68 01 fe 63 00 01 0b 68 09 fe 98 00 01 0b 68 0a fe 96 00 01 0b 68 0b fe 94 00 06 0c fe 47 09 ff 0f 02 90 01 00 00 00 
0x0a00 : 10 0b 68 10 fd ff 00 06 03 70 01 00 75 0b 68 01 00 44 00 01 02 90 00 00 01 fb 04 02 90 00 00 01 fb 06 03 70 01 00 06 01 ff ff ff fe 02 90 0b 54 03 02 08 02 90 04 09 01 f6 09 03 70 08 01 ff 03 
0x0a40 : 70 09 01 fe 02 90 00 00 00 18 08 0c fe 86 0c 00 2e 01 ff ff ff fd 02 90 00 00 00 00 02 02 90 0b 54 05 02 03 02 90 0b 54 07 02 05 02 90 0b 54 07 02 07 02 90 00 00 00 00 10 09 01 c0 01 ff ff ff 
0x0a80 : fd 02 90 00 00 00 04 02 02 90 06 09 01 f6 03 02 90 08 09 00 13 05 02 90 08 09 00 13 07 02 90 00 00 00 00 10 09 01 95 00 00 00 00 00 00 00 00 00 00 00 00 00 00 00 00 0b 64 07 00 00 00 00 00 00 
0x0ac0 : 00 00 0b 64 07 00 06 06 01 00 00 02 90 00 00 00 00 02 02 90 00 00 00 04 03 02 90 00 00 00 60 05 0b 68 01 00 33 00 01 03 70 01 00 06 01 ff ff ff fe 0a 94 ff da 02 04 0b 64 04 01 90 02 04 54 02 
0x0b00 : 03 02 0a 94 ff c9 02 04 0b 64 04 01 7f 02 04 54 02 03 02 01 ff ff ff fe 08 54 02 05 0f 09 01 6a 02 90 00 00 00 00 0f 09 ff c5 09 00 00 00 00 00 0b 00 00 00 00 06 01 00 00 00 00 0b 64 07 00 00 
0x0b40 : 00 00 00 00 00 00 0b 00 00 00 00 06 01 00 00 00 00 0b 64 07 00 00 00 00 00 00 00 00 0b 00 00 00 00 06 01 00 00 00 00 0b 64 07 00 00 00 00 00 00 00 00 0b 00 00 00 00 06 01 00 00 00 00 0b 64 07 
0x0b80 : 00 00 00 00 00 00 00 00 0b 00 00 00 00 06 01 00 00 00 00 0b 64 07 00 00 00 00 00 00 00 00 0b 00 00 00 ff ff ff fd 00 00 00 0b 64 07 00 00 00 00 00 00 00 00 0b ff ff ff 06 06 01 00 00 00 00 0b 
0x0bc0 : ff ff ff fd 06 01 00 ff ff fd 0b ff ff ff fd 06 01 00 ff ff fd 0b ff ff ff fd 06 01 00 ff ff fd 0b ff ff ff fd 06 01 00 ff ff fd 0b ff ff ff fd 06 01 00 ff ff fd 0b ff ff ff fd 06 01 00 ff ff 
0x0c00 : fd 0b ff ff ff fd 06 01 00 ff ff fd 0b ff ff ff fd 06 01 00 ff ff fd 0b ff ff ff fd 06 01 00 ff ff fd 0b ff ff ff fd 06 01 00 ff ff fd 0b ff ff ff fd 06 01 00 ff ff fd 0b 0b 54 03 02 04 09 01 
0x0c40 : f6 ff fd 0b ff ff ff fd 06 01 00 ff ff fd 0b ff ff ff fd 06 01 00 ff ff fd 0b ff ff ff fd 06 00 00 00 00 fd 0b ff ff ff fd 06 00 00 00 00 fd 0b ff ff ff fd 06 00 00 00 00 fd 0b ff ff ff fd 06 
0x0c80 : 00 00 00 00 fd 0b ff 02 90 00 00 00 00 02 02 90 00 00 00 04 03 02 90 00 00 00 60 05 0b 68 01 00 33 00 01 03 70 01 00 06 01 ff ff ff fe 0a 94 ff da 02 04 0b 64 04 01 90 02 04 54 02 03 02 0a 94 
0x0cc0 : ff c9 02 04 0b 64 04 01 7f 02 04 54 02 03 02 01 ff ff ff fe 08 54 02 05 0f 09 01 6a 02 90 00 00 00 00 0f 09 ff c5 09 fd 0b ff ff ff fd 06 00 00 00 00 fd 0b ff ff ff fd 06 00 00 00 00 fd 0b ff 
0x0d00 : ff ff fd 06 00 00 00 00 fd 0b ff ff ff fd 06 00 00 00 00 fd 0b ff ff ff fd 06 00 00 00 00 fd 0b ff ff ff fd 06 00 00 00 00 fd 0b ff ff ff fd 06 00 00 00 00 fd 0b ff ff ff fd 06 00 00 00 00 fd 
0x0d40 : 0b ff ff ff fd 06 00 00 00 00 fd 0b ff ff ff fd 06 00 00 00 00 fd 0b ff ff ff fd 06 00 00 00 00 fd 0b ff ff ff fd 06 00 00 00 00 fd 0b ff ff ff fd 06 00 00 00 00 fd 0b ff ff ff fd 06 00 00 00 
0x0d80 : 00 fd 0b ff ff ff fd 06 00 00 00 00 fd 0b ff ff ff fd 06 00 00 00 00 fd 0b ff ff ff fd 06 00 00 00 00 fd 0b ff ff ff fd 06 00 00 00 00 fd 0b ff ff ff fd 06 00 00 00 00 fd 0b ff ff ff fd 06 00 
0x0dc0 : 00 00 00 fd 0b ff ff ff fd 06 00 00 00 00 fd 0b ff ff ff fd 06 00 00 00 00 fd 0b ff ff ff fd 06 00 00 00 00 fd 0b ff ff ff fd 06 00 00 00 00 fd 0b ff ff ff fd 06 00 00 00 00 fd 0b ff ff ff fd 
0x0e00 : 06 00 00 00 00 fd 0b ff ff ff fd 06 00 00 00 00 fd 0b ff ff ff fd 06 00 00 00 00 fd 0b ff ff ff fd 06 00 00 00 00 fd 0b ff ff ff fd 06 00 00 00 00 fd 0b ff ff ff fd 06 00 00 00 00 fd 0b ff ff 
0x0e40 : ff fd 06 02 90 00 00 00 00 02 02 90 00 00 00 04 03 02 90 00 00 00 60 05 0b 68 01 00 33 00 01 03 70 01 00 06 01 ff ff ff fe 0a 94 ff da 02 04 0b 64 04 01 90 02 04 54 02 03 02 0a 94 ff c9 02 04 
0x0e80 : 0b 64 04 01 7f 02 04 54 02 03 02 01 ff ff ff fe 08 54 02 05 0f 09 01 6a 02 90 00 00 00 00 0f 09 ff c5 09 ff fd 06 00 00 00 00 fd 0b ff ff ff fd 06 00 00 00 00 fd 0b ff ff ff fd 06 00 00 00 00 
0x0ec0 : fd 0b ff ff ff fd 06 00 00 00 00 fd 0b ff ff ff fd 06 00 00 00 00 fd 0b ff ff ff fd 06 00 00 00 00 fd 0b ff ff ff fd 06 00 00 00 00 fd 0b ff ff ff fd 06 00 00 00 00 fd 0b ff ff ff fd 06 00 00 
0x0f00 : 00 00 fd 0b ff ff ff fd 06 00 00 00 00 fd 0b ff ff ff fd 06 00 00 00 00 fd 0b ff ff ff fd 06 00 00 00 00 fd 0b ff ff ff fd 06 00 00 00 00 fd 0b ff ff ff fd 06 00 00 00 00 fd 0b ff ff ff fd 06 
0x0f40 : 00 00 00 00 fd 0b ff ff ff fd 06 00 00 00 00 fd 0b ff ff ff fd 06 00 00 00 00 fd 0b 64 07 00 06 06 00 00 00 00 fd 0b 64 07 00 00 00 00 00 00 00 00 0b 64 07 00 06 06 00 00 00 00 00 0b 64 07 00 
0x0f80 : 00 00 00 00 04 00 00 00 00 00 00 00 00 00 00 00 00 00 00 00 00 00 00 00 00 00 00 00 00 00 00 00 00 00 00 00 00 00 00 00 00 00 00 00 00 00 00 00 00 00 00 00 00 00 00 00 00 00 00 00 00 00 00 00 
0x0fc0 : 00 00 00 00 00 00 00 00 00 00 00 00 00 00 00 00 00 00 00 00 00 00 00 00 00 00 00 00 00 00 00 00 00 00 00 00 00 00 00 00 00 00 00 00 00 00 00 00 00 00 00 00 00 00 00 00 00 00 00 00 00 00 00 02 
